000001111
000010000
011101101
000000000
000010010
000100010
000110011
011001100
010011101
010001000
100001110
100000100
100101000
100111001
111110100
010111011
100000101
100101000
100111001
110000001
110000001
110000001
110000001
110000010
110000010
110000010
110000010
001111011
110111101
101001001
100101100
101111001
010111011
001010101
110000001
110000001
110000001
110000001
001111011
110111101
101001001
100101100
100101101
010011101
100011010
100101001
001001100
100011100
100101001
001100010
001110011
110101000
100011000
111111111
111110100
111110100
111110100
111110100
111110100
111110100
110101011
101000010
100100010
100101011
111110100
111000001
111001001
111111110
111110100
111110100
110101011
101000001
100100011
111000001
111001001
111111110
