000001110
000010001
010001101
000001011
000010011
010011101
000001001
000010000
011101101
100111000
100000011
100111000
100000010
001000010
001010011
111001100
001000100
111001001
001100101
110101110
001110000
110110001
000110001
001000010
001010101
111000100
000000000
000010001
001101101
001110100
110100000
000011110
001101101
110110000
000000001
000010000
001100000
001111101
110100111
001100000
001110001
110100001
000100000
000000000
000011111
110000000
001100000
000000100
000010000
001111101
110100111
001100000
001110010
110100001
000100000
000001100
000011100
110000000
001100000
000000110
000010000
001111101
110100111
001100000
001110010
110100001
000100000
000001010
000011010
110000000
001100000
000000111
000010000
001111101
110100111
001100000
001110010
110100001
000100000
000001111
000011111
110000000
001100000
001110010
110100001
000100000
100011011
100111001
100011010
100111001
101111000
111111111
111110100
111110100
111110100
111110100
111110100
111110100
111110100
111110100
001101101
001110010
110100000
001110011
110110000
001100000
001110001
110101110
110111111
001100000
001110001
110100011
111111110
