000001110
000010001
010001101
000001100
000010011
010011101
000001001
000010000
011101101
100111001
100001011
100111001
100001010
001000100
001010101
001100011
110101110
001010000
111010001
000000000
000011111
110000000
001010000
111010001
000001100
000011100
110000000
001010000
111010001
000001010
000011010
110000000
001010000
111010001
000001111
000011111
110000000
001100100
110111100
001000010
001010011
001100110
000000000
101000011
000010100
111100001
110101100
101000101
111110100
101001011
000011111
011001101
000000011
000010101
111110000
000010000
011001101
011001101
000100100
000110101
000001000
000011110
001101101
001110010
110100000
001000000
001010101
111010011
111011001
111010010
111000101
001100011
000000001
000010000
001111101
110100111
001010000
111010100
000100100
001000100
111001001
111011101
001100101
001111100
110100001
000110000
100111000
100010011
100111000
100010010
101111000
111111111
111110100
111110100
111110100
111110100
111110100
111110100
111110100
111110100
001101101
001110010
110100000
001110011
110110000
001100000
001110001
110101110
110111111
001100000
001110001
110100011
111111110
